{
    "camera_angle_x": 0.5984335246693144,
    "camera_angle_y": 1.0034573863180178,
    "fl_x": 774.7709363075861,
    "fl_y": 774.7709363075861,
    "k1": 0,
    "k2": 0,
    "k3": 0,
    "k4": 0,
    "p1": 0,
    "p2": 0,
    "is_fisheye": false,
    "cx": 246.51135541073958,
    "cy": 428.3308967936584,
    "w": 478.0,
    "h": 850.0,
    "aabb_scale": 1,
    "frames": [
        {
            "file_path": "./train/r_0",
            "sharpness": 452.75617343407913,
            "transform_matrix": [
                [
                    0.98352364196354,
                    0.001953821471024706,
                    0.18076899147171213,
                    1.0115146753925837
                ],
                [
                    0.1799809816374394,
                    0.08330112048625708,
                    -0.980136607608631,
                    -4.002281894418071
                ],
                [
                    -0.01697327148724734,
                    0.9965225064717187,
                    0.0815769706939879,
                    0.07116194208491615
                ],
                [
                    0.0,
                    0.0,
                    0.0,
                    1.0
                ]
            ]
        },
        {
            "file_path": "./train/r_1",
            "sharpness": 421.08607294523017,
            "transform_matrix": [
                [
                    0.9825349937191252,
                    0.00036484809739166654,
                    0.1860775456644107,
                    1.0173777143581522
                ],
                [
                    0.18539582262435866,
                    0.08362393727640302,
                    -0.9790992932628576,
                    -3.9769536900508666
                ],
                [
                    -0.015917759521492183,
                    0.9964973176067972,
                    0.08209580337349029,
                    0.06722755408446779
                ],
                [
                    0.0,
                    0.0,
                    0.0,
                    1.0
                ]
            ]
        },
        {
            "file_path": "./train/r_2",
            "sharpness": 341.82603175668663,
            "transform_matrix": [
                [
                    0.9550598964873619,
                    -0.010564784837619337,
                    0.2962245422650701,
                    1.2651679308818105
                ],
                [
                    0.29616512903484665,
                    0.07486316768497432,
                    -0.9521983629832291,
                    -3.9264417804457685
                ],
                [
                    -0.012116536752343492,
                    0.9971378497694219,
                    0.07462773004458653,
                    0.06745372115799333
                ],
                [
                    0.0,
                    0.0,
                    0.0,
                    1.0
                ]
            ]
        },
        {
            "file_path": "./train/r_3",
            "sharpness": 382.0272809834512,
            "transform_matrix": [
                [
                    0.9406247482644895,
                    -0.014761862986325517,
                    0.3391270710969639,
                    1.5155447472359809
                ],
                [
                    0.3393084676261285,
                    0.06955221275401657,
                    -0.9381003429794845,
                    -3.870760580655891
                ],
                [
                    -0.009738929469094413,
                    0.9974690857863566,
                    0.07043135772218201,
                    0.06847895575390936
                ],
                [
                    0.0,
                    0.0,
                    0.0,
                    1.0
                ]
            ]
        },
        {
            "file_path": "./train/r_4",
            "sharpness": 394.8814312448975,
            "transform_matrix": [
                [
                    0.9216478183580028,
                    -0.012580357994294973,
                    0.38782345662161266,
                    1.8437333632309845
                ],
                [
                    0.38783473450303446,
                    0.06136218748002421,
                    -0.9196841309170366,
                    -3.7167367171608947
                ],
                [
                    -0.012227740045758074,
                    0.9980362801710548,
                    0.06143342602330957,
                    0.06882722948196522
                ],
                [
                    0.0,
                    0.0,
                    0.0,
                    1.0
                ]
            ]
        },
        {
            "file_path": "./train/r_5",
            "sharpness": 397.5802455910295,
            "transform_matrix": [
                [
                    0.8885227567792364,
                    -0.014346213802381765,
                    0.4586082171442512,
                    2.100550423425993
                ],
                [
                    0.45859704122529044,
                    0.059787256005237106,
                    -0.8866308351274341,
                    -3.523588475534085
                ],
                [
                    -0.01469913135998625,
                    0.9981080453368635,
                    0.059701468728596926,
                    0.07004822992051668
                ],
                [
                    0.0,
                    0.0,
                    0.0,
                    1.0
                ]
            ]
        },
        {
            "file_path": "./train/r_6",
            "sharpness": 379.56906694178434,
            "transform_matrix": [
                [
                    0.8432067008512614,
                    -0.012275167441782262,
                    0.5374493277519977,
                    2.2302116630220588
                ],
                [
                    0.5374098238955461,
                    0.045091900990926734,
                    -0.8421148387515683,
                    -3.456844548828598
                ],
                [
                    -0.013897511223748233,
                    0.9989074235015828,
                    0.04461858864284761,
                    0.07186447677372777
                ],
                [
                    0.0,
                    0.0,
                    0.0,
                    1.0
                ]
            ]
        },
        {
            "file_path": "./train/r_7",
            "sharpness": 425.35844994908206,
            "transform_matrix": [
                [
                    0.7735488689631588,
                    -0.019256934656872178,
                    0.6334440131461538,
                    2.403477425576694
                ],
                [
                    0.6336732071359497,
                    0.03764643627372613,
                    -0.7726842902466219,
                    -3.2619558250676186
                ],
                [
                    -0.008967378786209153,
                    0.9991055581372658,
                    0.041323961743662097,
                    0.0766087506711843
                ],
                [
                    0.0,
                    0.0,
                    0.0,
                    1.0
                ]
            ]
        },
        {
            "file_path": "./train/r_8",
            "sharpness": 400.43219037919795,
            "transform_matrix": [
                [
                    0.7430055524272743,
                    -0.026096397648966475,
                    0.668776290764897,
                    2.637882146095927
                ],
                [
                    0.6692589549311313,
                    0.020111803891917395,
                    -0.7427570037291473,
                    -3.1047932858141123
                ],
                [
                    0.005932984518443185,
                    0.9994570993150361,
                    0.03240842977903764,
                    0.08292739034491718
                ],
                [
                    0.0,
                    0.0,
                    0.0,
                    1.0
                ]
            ]
        },
        {
            "file_path": "./train/r_9",
            "sharpness": 401.482815618469,
            "transform_matrix": [
                [
                    0.7195592330106643,
                    -0.017471968037972088,
                    0.6942112362381145,
                    2.820371701837386
                ],
                [
                    0.6943829632866197,
                    0.006336214811044196,
                    -0.7195777599948174,
                    -2.912704226401021
                ],
                [
                    0.008173768106419748,
                    0.9998272764392924,
                    0.01669151881028193,
                    0.08722451446642845
                ],
                [
                    0.0,
                    0.0,
                    0.0,
                    1.0
                ]
            ]
        },
        {
            "file_path": "./train/r_10",
            "sharpness": 389.6493453075604,
            "transform_matrix": [
                [
                    0.6961695441174439,
                    -0.002489322794904471,
                    0.7178730870513254,
                    2.831987396769875
                ],
                [
                    0.7178697043669804,
                    -0.002217192500459647,
                    -0.6961739521193521,
                    -2.847333282537091
                ],
                [
                    0.003324664513121436,
                    0.9999944436479152,
                    0.0002434675265864361,
                    0.08836300646868417
                ],
                [
                    0.0,
                    0.0,
                    0.0,
                    1.0
                ]
            ]
        },
        {
            "file_path": "./train/r_11",
            "sharpness": 393.08154239230765,
            "transform_matrix": [
                [
                    0.6454799439003583,
                    -0.0015349333208023452,
                    0.7637756778003327,
                    3.0495393798752595
                ],
                [
                    0.763757460527794,
                    -0.005895957388417229,
                    -0.6454763970701072,
                    -2.6489139909981225
                ],
                [
                    0.005493952080274593,
                    0.9999814406594949,
                    -0.0026334054691389873,
                    0.090370843229619
                ],
                [
                    0.0,
                    0.0,
                    0.0,
                    1.0
                ]
            ]
        },
        {
            "file_path": "./train/r_12",
            "sharpness": 361.62638913947575,
            "transform_matrix": [
                [
                    0.5588333829903277,
                    0.0005885601892045748,
                    0.8292797499334925,
                    3.3099349020842976
                ],
                [
                    0.8292484896358344,
                    -0.009108299080620441,
                    -0.5588058529798551,
                    -2.219001508491153
                ],
                [
                    0.0072244371053379365,
                    0.9999583453734591,
                    -0.005578084236468498,
                    0.10046372890712682
                ],
                [
                    0.0,
                    0.0,
                    0.0,
                    1.0
                ]
            ]
        },
        {
            "file_path": "./train/r_13",
            "sharpness": 383.97893180477865,
            "transform_matrix": [
                [
                    0.4494739029037481,
                    0.014623169295266787,
                    0.8931737644632765,
                    3.448958529024605
                ],
                [
                    0.8932496287660405,
                    -0.017262628123876828,
                    -0.4492294540427924,
                    -1.8370531456148433
                ],
                [
                    0.008849368187044666,
                    0.9997440495383225,
                    -0.020821241381594954,
                    0.1134961824591863
                ],
                [
                    0.0,
                    0.0,
                    0.0,
                    1.0
                ]
            ]
        },
        {
            "file_path": "./train/r_14",
            "sharpness": 386.07623420724866,
            "transform_matrix": [
                [
                    0.38245228780346524,
                    0.010570392939871833,
                    0.9239147765591039,
                    3.5309605417828047
                ],
                [
                    0.9239392166129055,
                    -0.013205028021010739,
                    -0.38231132763716624,
                    -1.5315009882354822
                ],
                [
                    0.008159139554999912,
                    0.9998569367791202,
                    -0.014816693749300208,
                    0.12544178784749435
                ],
                [
                    0.0,
                    0.0,
                    0.0,
                    1.0
                ]
            ]
        },
        {
            "file_path": "./train/r_15",
            "sharpness": 392.876307470919,
            "transform_matrix": [
                [
                    0.36570621129002956,
                    -0.02152934566699716,
                    0.9304813024968905,
                    3.5597113828757214
                ],
                [
                    0.930671739734975,
                    -0.00275957179973979,
                    -0.3658449092472859,
                    -1.2376563838870385
                ],
                [
                    0.010444131474251587,
                    0.9997644082662163,
                    0.01902756103959423,
                    0.1274445072035818
                ],
                [
                    0.0,
                    0.0,
                    0.0,
                    1.0
                ]
            ]
        },
        {
            "file_path": "./train/r_16",
            "sharpness": 375.7655174928183,
            "transform_matrix": [
                [
                    0.3061753283973197,
                    -0.022305231783494125,
                    0.951713793591931,
                    3.694098707611004
                ],
                [
                    0.9519707803348664,
                    0.004148017607273434,
                    -0.30616078674211866,
                    -1.0610974533987276
                ],
                [
                    0.0028812617383955413,
                    0.9997426021643165,
                    0.022503949559587764,
                    0.13319693183243733
                ],
                [
                    0.0,
                    0.0,
                    0.0,
                    1.0
                ]
            ]
        },
        {
            "file_path": "./train/r_17",
            "sharpness": 396.41475990910214,
            "transform_matrix": [
                [
                    0.1936563312756835,
                    -0.03031417049316404,
                    0.9806009771672781,
                    3.822445838737136
                ],
                [
                    0.9810413476180169,
                    -0.0015788938447053567,
                    -0.193792108606234,
                    -0.7689828893969459
                ],
                [
                    0.007422911867480615,
                    0.9995391728985928,
                    0.029433691883096552,
                    0.13652109358698689
                ],
                [
                    0.0,
                    0.0,
                    0.0,
                    1.0
                ]
            ]
        },
        {
            "file_path": "./train/r_18",
            "sharpness": 424.63717818646256,
            "transform_matrix": [
                [
                    0.1675015737762199,
                    -0.03442053242448232,
                    0.9852707494528451,
                    3.894436408565764
                ],
                [
                    0.9854657336877303,
                    -0.022835551246645543,
                    -0.16833248446619944,
                    -0.5370338682602371
                ],
                [
                    0.028293294430613795,
                    0.9991465180563573,
                    0.030095264467754106,
                    0.1411436799157952
                ],
                [
                    0.0,
                    0.0,
                    0.0,
                    1.0
                ]
            ]
        },
        {
            "file_path": "./train/r_19",
            "sharpness": 414.7677426273092,
            "transform_matrix": [
                [
                    0.1533146935132654,
                    -0.02836409250861206,
                    0.9877702582110695,
                    3.982241643529757
                ],
                [
                    0.987805733375416,
                    -0.023014441568761312,
                    -0.15398106568644185,
                    -0.37574805714852505
                ],
                [
                    0.027100514082663837,
                    0.9993326842111724,
                    0.024489761146504082,
                    0.14977841316908658
                ],
                [
                    0.0,
                    0.0,
                    0.0,
                    1.0
                ]
            ]
        },
        {
            "file_path": "./train/r_20",
            "sharpness": 502.8521896635195,
            "transform_matrix": [
                [
                    0.08940566447390137,
                    -0.0015746787959727794,
                    0.995994049954083,
                    4.080289218243261
                ],
                [
                    0.9957175902327937,
                    -0.02347146197002026,
                    -0.08941795666411755,
                    -0.12162988392853263
                ],
                [
                    0.02351824102620192,
                    0.9997232671379341,
                    -0.0005305462774868913,
                    0.14781248645260342
                ],
                [
                    0.0,
                    0.0,
                    0.0,
                    1.0
                ]
            ]
        },
        {
            "file_path": "./train/r_21",
            "sharpness": 472.4720111776016,
            "transform_matrix": [
                [
                    0.03432511424416203,
                    0.0067019249124968495,
                    0.9993882482458252,
                    4.087809787259752
                ],
                [
                    0.9989686099094389,
                    -0.029970712878216628,
                    -0.03410971687324468,
                    -0.015677568389513313
                ],
                [
                    0.029723777480768494,
                    0.9995283090384715,
                    -0.00772376075707819,
                    0.14611070208098875
                ],
                [
                    0.0,
                    0.0,
                    0.0,
                    1.0
                ]
            ]
        },
        {
            "file_path": "./train/r_22",
            "sharpness": 539.5732168208942,
            "transform_matrix": [
                [
                    0.024005138107033305,
                    -0.010726245494517514,
                    0.9996542907422148,
                    4.0487878941165185
                ],
                [
                    0.999325125676738,
                    -0.027552668318617104,
                    -0.024292872610996493,
                    0.016967576460384392
                ],
                [
                    0.02780371442149526,
                    0.9995628034912976,
                    0.010057601018642557,
                    0.133050018218441
                ],
                [
                    0.0,
                    0.0,
                    0.0,
                    1.0
                ]
            ]
        },
        {
            "file_path": "./train/r_23",
            "sharpness": 541.2026581153864,
            "transform_matrix": [
                [
                    -0.04031690341086098,
                    -0.0209213889394786,
                    0.9989678887639327,
                    4.077873214681118
                ],
                [
                    0.9988385373826312,
                    -0.027243711096261752,
                    0.039741117813006537,
                    0.13996195682853024
                ],
                [
                    0.026384153173271578,
                    0.9994098637134882,
                    0.02199547159714334,
                    0.155094551078422
                ],
                [
                    0.0,
                    0.0,
                    0.0,
                    1.0
                ]
            ]
        },
        {
            "file_path": "./train/r_24",
            "sharpness": 599.3654885532922,
            "transform_matrix": [
                [
                    -0.10548925039080519,
                    -0.019285073103654318,
                    0.9942334253104949,
                    4.0759069938984105
                ],
                [
                    0.9941280353027172,
                    -0.026289555526509502,
                    0.10496813180854438,
                    0.4634198018499177
                ],
                [
                    0.024113636745530194,
                    0.9994683312756196,
                    0.02194509734080407,
                    0.1539900605110429
                ],
                [
                    0.0,
                    0.0,
                    0.0,
                    1.0
                ]
            ]
        },
        {
            "file_path": "./train/r_25",
            "sharpness": 702.5016218712972,
            "transform_matrix": [
                [
                    -0.17479606727958977,
                    -0.02750495336427585,
                    0.9842204084458342,
                    3.9926995036051585
                ],
                [
                    0.9843120267559053,
                    -0.029250804687502543,
                    0.17399489765166573,
                    0.7113045170976785
                ],
                [
                    0.024003517391372062,
                    0.99919360884807,
                    0.03218638201595584,
                    0.1799906630392863
                ],
                [
                    0.0,
                    0.0,
                    0.0,
                    1.0
                ]
            ]
        },
        {
            "file_path": "./train/r_26",
            "sharpness": 708.8043135632493,
            "transform_matrix": [
                [
                    -0.2552220590802805,
                    -0.013066259859923398,
                    0.9667941732392482,
                    3.924624167049074
                ],
                [
                    0.9665555828065516,
                    -0.029446290856197106,
                    0.2547611063335566,
                    1.0342308545019259
                ],
                [
                    0.025139727605723687,
                    0.9994809597012604,
                    0.020144609398605556,
                    0.1849817432490807
                ],
                [
                    0.0,
                    0.0,
                    0.0,
                    1.0
                ]
            ]
        },
        {
            "file_path": "./train/r_27",
            "sharpness": 765.7520426645516,
            "transform_matrix": [
                [
                    -0.31599091343548863,
                    -0.0028129800293191366,
                    0.9487580459563053,
                    3.8773771560119767
                ],
                [
                    0.9484416815838767,
                    -0.02692828742477472,
                    0.3158057060452121,
                    1.2550798779664647
                ],
                [
                    0.02466007421382881,
                    0.9996334100443971,
                    0.011177041649877241,
                    0.20407300774327758
                ],
                [
                    0.0,
                    0.0,
                    0.0,
                    1.0
                ]
            ]
        },
        {
            "file_path": "./train/r_28",
            "sharpness": 691.407034205722,
            "transform_matrix": [
                [
                    -0.39173108631103065,
                    0.015460169437811718,
                    0.9199498568812327,
                    3.827534478573441
                ],
                [
                    0.9196333491640492,
                    -0.024563394934494706,
                    0.39200911052500303,
                    1.2978216146718202
                ],
                [
                    0.028657618924388017,
                    0.9995787226564561,
                    -0.004595442017561993,
                    0.2137985406745888
                ],
                [
                    0.0,
                    0.0,
                    0.0,
                    1.0
                ]
            ]
        },
        {
            "file_path": "./train/r_29",
            "sharpness": 706.2573122187473,
            "transform_matrix": [
                [
                    -0.42804201908302414,
                    0.030211420937924165,
                    0.9032537295475209,
                    3.7704138700761107
                ],
                [
                    0.9025748917629719,
                    -0.036850847809037135,
                    0.42895288759351263,
                    1.486351250767534
                ],
                [
                    0.04624494197012658,
                    0.9988639972778752,
                    -0.011494358681951004,
                    0.21988602231760268
                ],
                [
                    0.0,
                    0.0,
                    0.0,
                    1.0
                ]
            ]
        },
        {
            "file_path": "./train/r_30",
            "sharpness": 720.3362857459389,
            "transform_matrix": [
                [
                    -0.47737456976233866,
                    0.030304178995837816,
                    0.878177189909233,
                    3.623997115139547
                ],
                [
                    0.8774918327542631,
                    -0.03594732690057506,
                    0.47824248361920474,
                    1.7840855184727047
                ],
                [
                    0.046060868349306006,
                    0.9988941117162318,
                    -0.009431329853902817,
                    0.2315714047603786
                ],
                [
                    0.0,
                    0.0,
                    0.0,
                    1.0
                ]
            ]
        },
        {
            "file_path": "./train/r_31",
            "sharpness": 559.2033497143773,
            "transform_matrix": [
                [
                    -0.5364639417367899,
                    0.02907652281906137,
                    0.8434221926379727,
                    3.566576973332372
                ],
                [
                    0.8429764997203858,
                    -0.02886340806616077,
                    0.5371755063235577,
                    2.1251493444335705
                ],
                [
                    0.039963234785623636,
                    0.9991603772632426,
                    -0.009026647766922226,
                    0.24586596966290802
                ],
                [
                    0.0,
                    0.0,
                    0.0,
                    1.0
                ]
            ]
        },
        {
            "file_path": "./train/r_32",
            "sharpness": 629.0611957188677,
            "transform_matrix": [
                [
                    -0.5543150088591744,
                    0.026162038708484294,
                    0.8318956777633454,
                    3.4816234453073753
                ],
                [
                    0.8315558952768077,
                    -0.025043878310931068,
                    0.5548761998766316,
                    2.3782228282976745
                ],
                [
                    0.03535058674088385,
                    0.9993439607497656,
                    -0.00787299989270833,
                    0.2571372135558317
                ],
                [
                    0.0,
                    0.0,
                    0.0,
                    1.0
                ]
            ]
        },
        {
            "file_path": "./train/r_33",
            "sharpness": 567.0197756519835,
            "transform_matrix": [
                [
                    -0.6283214099735679,
                    0.022644206885554945,
                    0.7776242316573078,
                    3.323724736021305
                ],
                [
                    0.7770147506227417,
                    -0.03083318356904906,
                    0.6287268024394013,
                    2.6314526895637287
                ],
                [
                    0.03821365047136175,
                    0.9992680094363016,
                    0.0017782666078495033,
                    0.2718670758357287
                ],
                [
                    0.0,
                    0.0,
                    0.0,
                    1.0
                ]
            ]
        },
        {
            "file_path": "./train/r_34",
            "sharpness": 584.5537285343582,
            "transform_matrix": [
                [
                    -0.6808352986447678,
                    0.02500371103691086,
                    0.7320096382910128,
                    3.296053743504631
                ],
                [
                    0.7313480576048192,
                    -0.03125864094046184,
                    0.6812876896027192,
                    2.654871631846721
                ],
                [
                    0.03991634697212713,
                    0.9991985347258097,
                    0.0029955706401719505,
                    0.2719308828870007
                ],
                [
                    0.0,
                    0.0,
                    0.0,
                    1.0
                ]
            ]
        },
        {
            "file_path": "./train/r_35",
            "sharpness": 565.7475166113773,
            "transform_matrix": [
                [
                    -0.7030663369157565,
                    0.025594951363720433,
                    0.7106635099382937,
                    3.2080311627844975
                ],
                [
                    0.709985678546386,
                    -0.03126449824276439,
                    0.7035217604371977,
                    2.766829123289736
                ],
                [
                    0.04022514329937162,
                    0.9991833813728008,
                    0.0038089673437166566,
                    0.2762547463979417
                ],
                [
                    0.0,
                    0.0,
                    0.0,
                    1.0
                ]
            ]
        },
        {
            "file_path": "./train/r_36",
            "sharpness": 620.7749518603713,
            "transform_matrix": [
                [
                    -0.7383401367990937,
                    0.02232785412529277,
                    0.6740588322386423,
                    2.9856066348763437
                ],
                [
                    0.6732785245810163,
                    -0.0339389212409725,
                    0.7386096248783972,
                    2.9600473515230115
                ],
                [
                    0.03936839757895125,
                    0.9991744675242791,
                    0.01002560306933601,
                    0.2877302275434845
                ],
                [
                    0.0,
                    0.0,
                    0.0,
                    1.0
                ]
            ]
        },
        {
            "file_path": "./train/r_37",
            "sharpness": 587.5682178536379,
            "transform_matrix": [
                [
                    -0.7793262219369201,
                    0.02151845950932063,
                    0.6262488289004127,
                    2.7440087047347337
                ],
                [
                    0.625338489457153,
                    -0.037137274633418954,
                    0.779469432650342,
                    3.1305961807398606
                ],
                [
                    0.04003015617297114,
                    0.999078464751601,
                    0.015485730968092748,
                    0.30338240569593733
                ],
                [
                    0.0,
                    0.0,
                    0.0,
                    1.0
                ]
            ]
        },
        {
            "file_path": "./train/r_38",
            "sharpness": 576.4934826306253,
            "transform_matrix": [
                [
                    -0.833456200754549,
                    0.022035994741896044,
                    0.5521459737757713,
                    2.4825956467892545
                ],
                [
                    0.5511409943930701,
                    -0.0390522761446784,
                    0.8334977648604317,
                    3.2929798778763018
                ],
                [
                    0.03992950940391037,
                    0.9989941614748923,
                    0.020403421651872103,
                    0.3138600725063107
                ],
                [
                    0.0,
                    0.0,
                    0.0,
                    1.0
                ]
            ]
        },
        {
            "file_path": "./train/r_39",
            "sharpness": 369.27061031968253,
            "transform_matrix": [
                [
                    -0.87288063793023,
                    0.022113004516012492,
                    0.48743246399378864,
                    2.346681142416382
                ],
                [
                    0.48639614177689766,
                    -0.03981163435959118,
                    0.8728309269464299,
                    3.38907655384967
                ],
                [
                    0.038706397260797096,
                    0.9989624861816191,
                    0.02399512471716142,
                    0.3210248873229143
                ],
                [
                    0.0,
                    0.0,
                    0.0,
                    1.0
                ]
            ]
        },
        {
            "file_path": "./train/r_40",
            "sharpness": 445.0765542702195,
            "transform_matrix": [
                [
                    -0.8501579383439858,
                    0.022323829354866206,
                    0.5260542999642762,
                    2.1822086374348104
                ],
                [
                    0.5249794378841862,
                    -0.040624812755805345,
                    0.8501448196556615,
                    3.548949010070512
                ],
                [
                    0.04034934531635148,
                    0.9989250578640818,
                    0.022817955671945778,
                    0.32999172740159066
                ],
                [
                    0.0,
                    0.0,
                    0.0,
                    1.0
                ]
            ]
        },
        {
            "file_path": "./train/r_41",
            "sharpness": 440.0936925871619,
            "transform_matrix": [
                [
                    -0.8947763023533725,
                    0.024029620012997854,
                    0.4458676329429214,
                    1.9898730037870216
                ],
                [
                    0.4445271141710363,
                    -0.04617317462996243,
                    0.8945745819725481,
                    3.673361390285252
                ],
                [
                    0.042083411355808245,
                    0.9986443888110984,
                    0.030632844824309807,
                    0.33953577950802716
                ],
                [
                    0.0,
                    0.0,
                    0.0,
                    1.0
                ]
            ]
        },
        {
            "file_path": "./train/r_42",
            "sharpness": 416.67355379847766,
            "transform_matrix": [
                [
                    -0.9364704419865041,
                    0.02228673388392271,
                    0.3500377305029496,
                    1.6764240550717153
                ],
                [
                    0.3487070810427671,
                    -0.048305466658947555,
                    0.9359860861794325,
                    3.8708945723360424
                ],
                [
                    0.03776880874191928,
                    0.9985839390761895,
                    0.03746509979382932,
                    0.3525896061373477
                ],
                [
                    0.0,
                    0.0,
                    0.0,
                    1.0
                ]
            ]
        },
        {
            "file_path": "./train/r_43",
            "sharpness": 451.75389857741425,
            "transform_matrix": [
                [
                    0.9565150789441821,
                    0.03627122981376758,
                    0.2894189033865414,
                    1.0989176480267686
                ],
                [
                    0.2894357566770363,
                    0.004900249470425546,
                    -0.9571848987065751,
                    -3.6913911293481467
                ],
                [
                    -0.03613649826330508,
                    0.9993299682488208,
                    -0.005811028337704217,
                    0.1575529704772805
                ],
                [
                    0.0,
                    0.0,
                    0.0,
                    1.0
                ]
            ]
        },
        {
            "file_path": "./train/r_44",
            "sharpness": 417.4130961749383,
            "transform_matrix": [
                [
                    0.9347891712488298,
                    0.03238357626154629,
                    0.3537237754261156,
                    1.1630172996919352
                ],
                [
                    0.35354102967929324,
                    0.011396598824330376,
                    -0.9353495912590865,
                    -3.688190210594041
                ],
                [
