{
  "camera_angle_x": 0.5984335246693144,
  "camera_angle_y": 1.0034573863180178,
  "fl_x": 774.7709363075861,
  "fl_y": 774.7709363075861,
  "k1": 0,
  "k2": 0,
  "k3": 0,
  "k4": 0,
  "p1": 0,
  "p2": 0,
  "is_fisheye": false,
  "cx": 246.51135541073958,
  "cy": 428.3308967936584,
  "w": 478.0,
  "h": 850.0,
  "aabb_scale": 1,
  "frames": [
    {
      "file_path": "./images/0260.jpg",
      "sharpness": 296.827576834261,
      "transform_matrix": [
        [
          0.2866630285066433,
          -0.03294016651839217,
          0.9574650142508637,
          4.0032334494317405
        ],
        [
          0.958029357426346,
          0.007754809877293031,
          -0.2865651989216895,
          -1.140551510949763
        ],
        [
          0.0020145462211815096,
          0.9994272401484625,
          0.03378066384805013,
          0.09022927688225643
        ],
        [
          0.0,
          0.0,
          0.0,
          1.0
        ]
      ]
    },
    {
      "file_path": "./images/0256.jpg",
      "sharpness": 314.40567668051114,
      "transform_matrix": [
        [
          0.39728163331093924,
          -0.02640296030879956,
          0.9173168414010456,
          3.8734169316861946
        ],
        [
          0.9176960009921725,
          0.012697400201820789,
          -0.3970803769907133,
          -1.3702531352454792
        ],
        [
          -0.0011634416140502786,
          0.9995707377231047,
          0.029274334980722412,
          0.0932298159625028
        ],
        [
          0.0,
          0.0,
          0.0,
          1.0
        ]
      ]
    },
    {
      "file_path": "./images/0258.jpg",
      "sharpness": 274.63483535410074,
      "transform_matrix": [
        [
          0.34050911288698743,
          -0.026872487040309218,
          0.9398571239706872,
          3.9448097553631256
        ],
        [
          0.9402411603244425,
          0.010075516664505615,
          -0.34036016863858654,
          -1.2902268932703964
        ],
        [
          -0.00032322189404311797,
          0.9995880918665832,
          0.02869742363689274,
          0.09146662827855057
        ],
        [
          0.0,
          0.0,
          0.0,
          1.0
        ]
      ]
    },
    {
      "file_path": "./images/0255.jpg",
      "sharpness": 338.3181085751433,
      "transform_matrix": [
        [
          0.41806193172726197,
          -0.02630738892720139,
          0.9080375226418618,
          3.8161656811344793
        ],
        [
          0.9084179390780478,
          0.01324466480482094,
          -0.41785335563496195,
          -1.411234659963956
        ],
        [
          -0.0010340218763663334,
          0.999566155959327,
          0.029435194185156447,
          0.09360737690954955
        ],
        [
          0.0,
          0.0,
          0.0,
          1.0
        ]
      ]
    },
    {
      "file_path": "./images/0252.jpg",
      "sharpness": 338.56168175772547,
      "transform_matrix": [
        [
          0.4459408881408162,
          -0.032097501868527216,
          0.8944867101613341,
          3.7053857941373454
        ],
        [
          0.8950618915294125,
          0.01707111506962559,
          -0.44561506635443543,
          -1.5407267063620809
        ],
        [
          -0.0009667551324596059,
          0.9993389452039507,
          0.03634195895151572,
          0.0941278155625769
        ],
        [
          0.0,
          0.0,
          0.0,
          1.0
        ]
      ]
    },
    {
      "file_path": "./images/0253.jpg",
      "sharpness": 328.55210176130083,
      "transform_matrix": [
        [
          0.43930394768653924,
          -0.02920635758651491,
          0.8978635922125464,
          3.757114348023792
        ],
        [
          0.8983376181243888,
          0.015674445226809934,
          -0.4390260079191546,
          -1.488247337865464
        ],
        [
          -0.0012511631202154075,
          0.9994504992447727,
          0.033123015374293005,
          0.0939859647013209
        ],
        [
          0.0,
          0.0,
          0.0,
          1.0
        ]
      ]
    },
    {
      "file_path": "./images/0247.jpg",
      "sharpness": 349.1266030822992,
      "transform_matrix": [
        [
          0.4058514038226974,
          -0.03898873516411562,
          0.913107067403771,
          3.66770239885161
        ],
        [
          0.9139383525033367,
          0.01857237863537877,
          -0.40542786605672365,
          -1.5600558446020862
        ],
        [
          -0.0011514504926250326,
          0.9990670374301176,
          0.04317092632357589,
          0.09790314512305055
        ],
        [
          0.0,
          0.0,
          0.0,
          1.0
        ]
      ]
    },
    {
      "file_path": "./images/0251.jpg",
      "sharpness": 382.833968046366,
      "transform_matrix": [
        [
          0.4494163067085698,
          -0.034846628231725685,
          0.8926425352640189,
          3.64073198654253
        ],
        [
          0.8933172213717729,
          0.014114887813342745,
          -0.44920497764676337,
          -1.5753125388750107
        ],
        [
          0.0030537296132279366,
          0.9992929912894223,
          0.03747255385681865,
          0.09432498762564527
        ],
        [
          0.0,
          0.0,
          0.0,
          1.0
        ]
      ]
    },
    {
      "file_path": "./images/0250.jpg",
      "sharpness": 355.1536520398361,
      "transform_matrix": [
        [
          0.4513283748047543,
          -0.037706219931473633,
          0.8915609564532563,
          3.6342492274919285
        ],
        [
          0.892341247732457,
          0.012958814226331947,
          -0.45117531706546926,
          -1.5861647946679402
        ],
        [
          0.005458542926794349,
          0.9992048389142195,
          0.03949549590509275,
          0.0949440118357815
        ],
        [
          0.0,
          0.0,
          0.0,
          1.0
        ]
      ]
    },
    {
      "file_path": "./images/0248.jpg",
      "sharpness": 376.22902655251534,
      "transform_matrix": [
        [
          0.43521192115932167,
          -0.03891775332784873,
          0.8994865158266641,
          3.6493523399084857
        ],
        [
          0.9003204152717983,
          0.01470010131650916,
          -0.43497937521921515,
          -1.6005619512842413
        ],
        [
          0.0037058771119973946,
          0.9991342830142814,
          0.04143610717276879,
          0.09530131588274507
        ],
        [
          0.0,
          0.0,
          0.0,
          1.0
        ]
      ]
    },
    {
      "file_path": "./images/0249.jpg",
      "sharpness": 380.26227882106514,
      "transform_matrix": [
        [
          0.447087747073068,
          -0.038529044781626276,
          0.8936599236413202,
          3.6356567160117597
        ],
        [
          0.89446818843844,
          0.012263702587280637,
          -0.4469633782207482,
          -1.592682590867332
        ],
        [
          0.006261492497505097,
          0.9991822227723681,
          0.03994595604860621,
          0.09541262596693341
        ],
        [
          0.0,
          0.0,
          0.0,
          1.0
        ]
      ]
    },
    {
      "file_path": "./images/0246.jpg",
      "sharpness": 239.13960230821849,
      "transform_matrix": [
        [
          0.38854203541769666,
          -0.038262789726657656,
          0.9206362178586466,
          3.611314265673554
        ],
        [
          0.9213763447799231,
          0.02701558708257915,
          -0.3877315944497815,
          -1.5805696918164416
        ],
        [
          -0.01003583544612288,
          0.9989024561858798,
          0.045751120532499946,
          0.1027491229988717
        ],
        [
          0.0,
          0.0,
          0.0,
          1.0
        ]
      ]
    },
    {
      "file_path": "./images/0243.jpg",
      "sharpness": 372.79603954315047,
      "transform_matrix": [
        [
          0.41959058778083025,
          -0.03522669864825049,
          0.9070296678418789,
          3.5174010546041283
        ],
        [
          0.9073496920268902,
          0.044563983189978854,
          -0.41800788004647554,
          -1.8011990728245026
        ],
        [
          -0.025695817247526377,
          0.9983852618613009,
          0.05066156207015242,
          0.1034876001506158
        ],
        [
          0.0,
          0.0,
          0.0,
          1.0
        ]
      ]
    },
    {
      "file_path": "./images/0245.jpg",
      "sharpness": 361.11531393171384,
      "transform_matrix": [
        [
          0.38426646292674815,
          -0.03669180504802739,
          0.9224928167250681,
          3.521994893481797
        ],
        [
          0.9230466577640644,
          0.034755202237060356,
          -0.3831147915547626,
          -1.6400653574863295
        ],
        [
          -0.01800425116477221,
          0.9987220771350985,
          0.047223506648851284,
          0.09960368190382908
        ],
        [
          0.0,
          0.0,
          0.0,
          1.0
        ]
      ]
    },
    {
      "file_path": "./images/0244.jpg",
      "sharpness": 375.5735025379501,
      "transform_matrix": [
        [
          0.3949706825335655,
          -0.036077837470464245,
          0.9179850486689263,
          3.5394799917391286
        ],
        [
          0.9183575333698815,
          0.04253526314356945,
          -0.39345926382802593,
          -1.7476043537784827
        ],
        [
          -0.024851576235359166,
          0.9984433589493352,
          0.04993253574425545,
          0.10390435566039719
        ],
        [
          0.0,
          0.0,
          0.0,
          1.0
        ]
      ]
    },
    {
      "file_path": "./images/0242.jpg",
      "sharpness": 352.8262341481014,
      "transform_matrix": [
        [
          0.45098568450266113,
          -0.035624111631804845,
          0.8918199566287903,
          3.454330005100232
        ],
        [
          0.8921716384637783,
          0.04635211503711966,
          -0.4493119728567677,
          -1.869265055189843
        ],
        [
          -0.02533140134350079,
          0.9982897395542542,
          0.052686962371525356,
          0.09807596157997384
        ],
        [
          0.0,
          0.0,
          0.0,
          1.0
        ]
      ]
    },
    {
      "file_path": "./images/0241.jpg",
      "sharpness": 546.6325760662866,
      "transform_matrix": [
        [
          0.47309246785525244,
          -0.0405448427085868,
          0.8800793331203893,
          3.4128781237833183
        ],
        [
          0.8807909664501694,
          0.0441810862998647,
          -0.4714396091050672,
          -1.9488918493153857
        ],
        [
          -0.01976841616955668,
          0.9982004544881602,
          0.05661327034399515,
          0.10829318272203163
        ],
        [
          0.0,
          0.0,
          0.0,
          1.0
        ]
      ]
    },
    {
      "file_path": "./images/0239.jpg",
      "sharpness": 559.7655795859322,
      "transform_matrix": [
        [
          0.5085299957667165,
          -0.03934856487899972,
          0.8601447168033604,
          3.3480345436680072
        ],
        [
          0.8607990892037667,
          0.04707025372999406,
          -0.5067635733157596,
          -2.090473853351239
        ],
        [
          -0.020546810721519152,
          0.9981162666007539,
          0.05780784473937046,
          0.10757236556675279
        ],
        [
          0.0,
          0.0,
          0.0,
          1.0
        ]
      ]
    },
    {
      "file_path": "./images/0234.jpg",
      "sharpness": 561.8892044385111,
      "transform_matrix": [
        [
          0.5819034719913203,
          -0.042929467366750844,
          0.812124011535997,
          3.149122610113419
        ],
        [
          0.8130163181612021,
          0.055044450889631,
          -0.5796331381398577,
          -2.392155089203522
        ],
        [
          -0.019819578380820924,
          0.9975606093141098,
          0.06693291458566925,
          0.10614255217545998
        ],
        [
          0.0,
          0.0,
          0.0,
          1.0
        ]
      ]
    },
    {
      "file_path": "./images/0240.jpg",
      "sharpness": 543.6475948510625,
      "transform_matrix": [
        [
          0.49341529882263463,
          -0.040185895785314986,
          0.8688650278754284,
          3.384519377624189
        ],
        [
          0.8695639478143166,
          0.04575662272204871,
          -0.49169591429932635,
          -2.0233706904379054
        ],
        [
          -0.019997088506780388,
          0.9981439902410241,
          0.05752122385904739,
          0.11017071387473786
        ],
        [
          0.0,
          0.0,
          0.0,
          1.0
        ]
      ]
    },
    {
      "file_path": "./images/0238.jpg",
      "sharpness": 528.3007534211567,
      "transform_matrix": [
        [
          0.5221002763913827,
          -0.04107078027688129,
          0.8518946486489726,
          3.3013588162830647
        ],
        [
          0.8526117310338196,
          0.05037536130524067,
          -0.5201111026279651,
          -2.1564240054184447
        ],
        [
          -0.021553131904093425,
          0.9978855214793355,
          0.06131841912756332,
          0.11071375080518199
        ],
        [
          0.0,
          0.0,
          0.0,
          1.0
        ]
      ]
    },
    {
      "file_path": "./images/0237.jpg",
      "sharpness": 543.338675470641,
      "transform_matrix": [
        [
          0.5348906847620908,
          -0.04479376623797174,
          0.8437330584125681,
          3.2496632579846736
        ],
        [
          0.8446901991587069,
          0.05170250682257949,
          -0.5327525863226596,
          -2.219648801540172
        ],
        [
          -0.019759119394599563,
          0.9976574408541994,
          0.06549204460286713,
          0.109984343373179
        ],
        [
          0.0,
          0.0,
          0.0,
          1.0
        ]
      ]
    },
    {
      "file_path": "./images/0236.jpg",
      "sharpness": 459.03674305375796,
      "transform_matrix": [
        [
          0.5487880640980052,
          -0.04406728386690077,
          0.8347992184911438,
          3.2233232721427694
        ],
        [
          0.8357013970454891,
          0.05382998400077993,
          -0.5465395756930063,
          -2.2708969636207246
        ],
        [
          -0.02085271394868265,
          0.9975772688430415,
          0.06636834340178371,
          0.1072686012924603
        ],
        [
          0.0,
          0.0,
          0.0,
          1.0
        ]
      ]
    },
    {
      "file_path": "./images/0232.jpg",
      "sharpness": 570.597649780388,
      "transform_matrix": [
        [
          0.594865868673052,
          -0.04182218345501318,
          0.8027362600855757,
          3.1049538999603348
        ],
        [
          0.8035444230539324,
          0.05732208846691614,
          -0.5924783020100499,
          -2.463474134739577
        ],
        [
          -0.021235782676447754,
          0.9974793647700784,
          0.06770493622523986,
          0.10472567751588484
        ],
        [
          0.0,
          0.0,
          0.0,
          1.0
        ]
      ]
    },
    {
      "file_path": "./images/0233.jpg",
      "sharpness": 578.3361054134278,
      "transform_matrix": [
        [
          0.5900769653343955,
          -0.04169212527017844,
          0.8062697697851958,
          3.1349566548280787
        ],
        [
          0.80706715219789,
          0.05675372848030056,
          -0.5877258086444476,
          -2.4295982573663886
        ],
        [
          -0.0212552775577422,
          0.9975173086174057,
          0.0671374126839486,
          0.10694935691439574
        ],
        [
          0.0,
          0.0,
          0.0,
          1.0
        ]
      ]
    },
    {
      "file_path": "./images/0235.jpg",
      "sharpness": 481.10330438863195,
      "transform_matrix": [
        [
          0.5658266275006931,
          -0.04312027396598761,
          0.8233959373117873,
          3.1908605238648526
        ],
        [
          0.824264199121503,
          0.054660652254669914,
          -0.5635607714716128,
          -2.3356930545083916
        ],
        [
          -0.0207064641349683,
          0.9975734835416713,
          0.06647095060872259,
          0.1063829016717046
        ],
        [
          0.0,
          0.0,
          0.0,
          1.0
        ]
      ]
    },
    {
      "file_path": "./images/0231.jpg",
      "sharpness": 571.2239464928664,
      "transform_matrix": [
        [
          0.5962532260595542,
          -0.042337968745137775,
          0.8016792293762988,
          3.0805671026029215
        ],
        [
          0.8025328651976629,
          0.05702118963408812,
          -0.5938767415973971,
          -2.4845539163153147
        ],
        [
          -0.020569168439760702,
          0.9974748519799995,
          0.06797667963676315,
          0.10197903447488792
        ],
        [
          0.0,
          0.0,
          0.0,
          1.0
        ]
      ]
    },
    {
      "file_path": "./images/0230.jpg",
      "sharpness": 564.2107926077339,
      "transform_matrix": [
        [
          0.5979905293309571,
          -0.04187559864680922,
          0.8004084963727709,
          3.064503755553259
        ],
        [
          0.8012109201674272,
          0.058196652409981155,
          -0.5955453056256373,
          -2.5211844851065903
        ],
        [
          -0.02164227885503128,
          0.9974264804402962,
          0.06835223390430624,
          0.10099619434605318
        ],
        [
          0.0,
          0.0,
          0.0,
          1.0
        ]
      ]
    },
    {
      "file_path": "./images/0226.jpg",
      "sharpness": 441.0262936840926,
      "transform_matrix": [
        [
          0.6078452295234171,
          -0.022086876298836763,
          0.7937482893450863,
          2.9189661628638692
        ],
        [
          0.7938539320670133,
          0.039426375165752515,
          -0.6068290496367402,
          -2.576423867588424
        ],
        [
          -0.017891659689026316,
          0.9989783435259836,
          0.04149888765881247,
          0.10252364660673371
        ],
        [
          0.0,
          0.0,
          0.0,
          1.0
        ]
      ]
    },
    {
      "file_path": "./images/0229.jpg",
      "sharpness": 513.3629232600267,
      "transform_matrix": [
        [
          0.5990025099272773,
          -0.04088038889833025,
          0.7997029366593633,
          3.0148573428494467
        ],
        [
          0.8005054276406112,
          0.055108634035409526,
          -0.596786476700563,
          -2.54030617702858
        ],
        [
          -0.019673673216619846,
          0.9976431387302501,
          0.06573518330304644,
          0.10209231636342642
        ],
        [
          0.0,
          0.0,
          0.0,
          1.0
        ]
      ]
    },
    {
      "file_path": "./images/0225.jpg",
      "sharpness": 503.28567098890824,
      "transform_matrix": [
        [
          0.6140546843275747,
          -0.0164333831184953,
          0.789092382786648,
          2.920404466730108
        ],
        [
          0.7890431231084141,
          0.03640531509637362,
          -0.613258186172881,
          -2.6026914060549577
        ],
        [
          -0.01864925011156373,
          0.9992019800567264,
          0.03532150220840422,
          0.10121714856049065
        ],
        [
          0.0,
          0.0,
          0.0,
          1.0
        ]
      ]
    },
    {
      "file_path": "./images/0228.jpg",
      "sharpness": 488.6182074367295,
      "transform_matrix": [
        [
          0.599296113923747,
          -0.03461117709972614,
          0.7997788658453867,
          2.966559409800988
        ],
        [
          0.8002826631991702,
          0.05060677042980487,
          -0.5974835677819987,
          -2.533552103206731
        ],
        [
          -0.019794615879768197,
          0.9981187410342056,
          0.05802716584264023,
          0.10129102339423718
        ],
        [
          0.0,
          0.0,
          0.0,
          1.0
        ]
      ]
    },
    {
      "file_path": "./images/0227.jpg",
      "sharpness": 474.877960032055,
      "transform_matrix": [
        [
          0.6026644810850391,
          -0.028842996585084112,
          0.7974732627391088,
          2.927373796656583
        ],
        [
          0.79778314686417,
          0.044786285764389346,
          -0.6012788364701775,
          -2.5322385329036754
        ],
        [
          -0.018373182007501015,
          0.998580127056759,
          0.05000156025056288,
          0.10271369498820501
        ],
        [
          0.0,
          0.0,
          0.0,
          1.0
        ]
      ]
    },
    {
      "file_path": "./images/0224.jpg",
      "sharpness": 513.8938537576065,
      "transform_matrix": [
        [
          0.6262498314702915,
          -0.01506438975713493,
          0.7794768840330952,
          2.9055676594896815
        ],
        [
          0.7793677168921802,
          0.03765271172632483,
          -0.6254344371442322,
          -2.5943010347967888
        ],
        [
          -0.019927630283157045,
          0.9991773303363961,
          0.03532070342440259,
          0.10293507604103432
        ],
        [
          0.0,
          0.0,
          0.0,
          1.0
        ]
      ]
    },
    {
      "file_path": "./images/0222.jpg",
      "sharpness": 599.1611663324544,
      "transform_matrix": [
        [
          0.6503917307884042,
          -0.012641469022347808,
          0.7594937720483872,
          2.908172287508185
        ],
        [
          0.7592854238023183,
          0.03954514830013435,
          -0.6495550988540169,
          -2.59914361225254
        ],
        [
          -0.02182296318821077,
          0.9991378155710782,
          0.03531832061132575,
          0.10300154292078562
        ],
        [
          0.0,
          0.0,
          0.0,
          1.0
        ]
      ]
    },
    {
      "file_path": "./images/0223.jpg",
      "sharpness": 573.1195520545259,
      "transform_matrix": [
        [
          0.6386985843280781,
          -0.01440853149304298,
          0.7693221123786769,
          2.917612833924618
        ],
        [
          0.7691744602090532,
          0.03904931198480723,
          -0.6378446527138271,
          -2.6027571040515287
        ],
        [
          -0.020851094416789635,
          0.9991333972253134,
          0.036023414717248306,
          0.10231054200921344
        ],
        [
          0.0,
          0.0,
          0.0,
          1.0
        ]
      ]
    },
    {
      "file_path": "./images/0221.jpg",
      "sharpness": 652.7370354889568,
      "transform_matrix": [
        [
          0.6625467312203694,
          -0.011797826411145317,
          0.7489276602172221,
          2.883692533999525
        ],
        [
          0.7486753739343233,
          0.04078408236935657,
          -0.6616810735464544,
          -2.628364383275849
        ],
        [
          -0.02273792893774734,
          0.9990983284514746,
          0.035854102559615936,
          0.1024501405715196
        ],
        [
          0.0,
          0.0,
          0.0,
          1.0
        ]
      ]
    },
    {
      "file_path": "./images/0219.jpg",
      "sharpness": 630.0200894990475,
      "transform_matrix": [
        [
          0.6848791637061655,
          -0.008700523483046755,
          0.7286047158847732,
          2.808443283779415
        ],
        [
          0.7282465798540404,
          0.04171580953788504,
          -0.6840443773363607,
          -2.7177994073961442
        ],
        [
          -0.02444279138779294,
          0.9990916334966423,
          0.03490641521910095,
          0.10494775229591483
        ],
        [
          0.0,
          0.0,
          0.0,
          1.0
        ]
      ]
    },
    {
      "file_path": "./images/0217.jpg",
      "sharpness": 573.2735833093158,
      "transform_matrix": [
        [
          0.706601075691895,
          -0.007592861964227633,
          0.7075713874059039,
          2.70848582120873
        ],
        [
          0.7071352835763256,
          0.04428030367881295,
          -0.7056904033834807,
          -2.801336260457146
        ],
        [
          -0.025973266086401537,
          0.9989902918199827,
          0.036657690809643005,
          0.10429787367554963
        ],
        [
          0.0,
          0.0,
          0.0,
          1.0
        ]
      ]
    },
    {
      "file_path": "./images/0220.jpg",
      "sharpness": 626.2450870938455,
      "transform_matrix": [
        [
          0.6728311583418559,
          -0.010901828356086201,
          0.7397157443911259,
          2.842763642840921
        ],
        [
          0.7394482013641147,
          0.040570302659939064,
          -0.6719898868595083,
          -2.679457204631068
        ],
        [
          -0.022684573228701967,
          0.9991172106804309,
          0.03535830110245472,
          0.10505260268869537
        ],
        [
          0.0,
          0.0,
          0.0,
          1.0
        ]
      ]
    },
    {
      "file_path": "./images/0218.jpg",
      "sharpness": 632.5056505935769,
      "transform_matrix": [
        [
          0.6957614750571111,
          -0.008930128702823016,
          0.7182173923158437,
          2.753302358930112
        ],
        [
          0.7178604274817183,
          0.042527812924434555,
          -0.6948868913597568,
          -2.751838053953275
        ],
        [
          -0.024338785525736217,
          0.9990553728029717,
          0.03599979985933275,
          0.10479507267955346
        ],
        [
          0.0,
          0.0,
          0.0,
          1.0
        ]
      ]
    },
    {
      "file_path": "./images/0214.jpg",
      "sharpness": 634.3422322357097,
      "transform_matrix": [
        [
          0.7309428876250628,
          -0.005574447849337645,
          0.6824158706820762,
          2.6089859884378264
        ],
        [
          0.6819033743753784,
          0.04556344476427085,
          -0.7300217534544322,
          -2.9055773539121272
        ],
        [
          -0.027023749636570834,
          0.9989458934445142,
          0.03710551068488409,
          0.10809619835898104
        ],
        [
          0.0,
          0.0,
          0.0,
          1.0
        ]
      ]
    },
    {
      "file_path": "./images/0215.jpg",
      "sharpness": 621.8895062861518,
      "transform_matrix": [
        [
          0.7252889046055473,
          -0.00746598451517268,
          0.6884041428758048,
          2.629441977360432
        ],
        [
          0.6879850875784902,
          0.04438982209447107,
          -0.7243659730854537,
          -2.880747994645737
        ],
        [
          -0.02515003229297982,
          0.998986387678486,
          0.03733193145306477,
          0.1061260985379967
        ],
        [
          0.0,
          0.0,
          0.0,
          1.0
        ]
      ]
    },
    {
      "file_path": "./images/0216.jpg",
      "sharpness": 637.3130470093017,
      "transform_matrix": [
        [
          0.7174157151153259,
          -0.007307786761515722,
          0.696606982419413,
          2.673849139992263
        ],
        [
          0.6961648318999022,
          0.04465247895661871,
          -0.7164919280416265,
          -2.848534820162531
        ],
        [
          -0.025869258397041038,
          0.9989758517466509,
          0.03712181426472557,
          0.10692430323047564
        ],
        [
          0.0,
          0.0,
          0.0,
          1.0
        ]
      ]
    },
    {
      "file_path": "./images/0213.jpg",
      "sharpness": 722.7200485543622,
      "transform_matrix": [
        [
          0.7353354290483796,
          -0.004245323095814762,
          0.6776900353519405,
          2.605011230512077
        ],
        [
          0.6771194674742388,
          0.046102494062371574,
          -0.7344275231829415,
          -2.9094332128039824
        ],
        [
          -0.028125318704570645,
          0.998927693714771,
          0.036775388165448536,
          0.10877573643241434
        ],
        [
          0.0,
          0.0,
          0.0,
          1.0
        ]
      ]
    },
    {
      "file_path": "./images/0208.jpg",
      "sharpness": 710.6062046256263,
      "transform_matrix": [
        [
          0.7668328501094881,
          -0.004312251508634332,
          0.6418323647784927,
          2.409703289566652
        ],
        [
          0.6413001003079424,
          0.04641350907253822,
          -0.7658850876734674,
          -3.0219028968637787
        ],
        [
          -0.026487003160934802,
          0.9989130045503312,
          0.038356850770717335,
          0.10941832880513709
        ],
        [
          0.0,
          0.0,
          0.0,
          1.0
        ]
      ]
    },
    {
      "file_path": "./images/0212.jpg",
      "sharpness": 749.6970801974488,
      "transform_matrix": [
        [
          0.7398772394169364,
          -0.0029161747908312053,
          0.6727355843974876,
          2.569122579273251
        ],
        [
          0.67209280958672,
          0.04712144595208478,
          -0.7389660510694732,
          -2.924550773432068
        ],
        [
          -0.029545319310821515,
          0.9988849109147883,
          0.03682402545677855,
          0.11004353204168492
        ],
        [
          0.0,
          0.0,
          0.0,
          1.0
        ]
      ]
    },
    {
      "file_path": "./images/0209.jpg",
      "sharpness": 737.2208478500233,
      "transform_matrix": [
        [
          0.7585477501673764,
          -0.005824845276234308,
          0.6515914225116731,
          2.416604157023735
        ],
        [
          0.6511165361961956,
          0.045976971302722346,
          -0.7575839058491771,
          -3.0280006528360364
        ],
        [
          -0.025545391098582497,
          0.9989255173858593,
          0.038668381221330525,
          0.10781776146216829
        ],
        [
          0.0,
          0.0,
          0.0,
          1.0
        ]
      ]
    },
    {
      "file_path": "./images/0210.jpg",
      "sharpness": 769.6110258877457,
      "transform_matrix": [
        [
          0.7535995692134028,
          -0.008866140778465573,
          0.657273976988544,
          2.4333949970322353
        ],
        [
          0.6570120305606695,
          0.04144081747676731,
          -0.7527402276651628,
          -3.025929562030264
        ],
        [
          -0.020564070084517647,
          0.9991016215539955,
          0.03705494335443951,
          0.10372639698339625
        ],
        [
          0.0,
          0.0,
          0.0,
          1.0
        ]
      ]
    },
    {
      "file_path": "./images/0211.jpg",
      "sharpness": 749.7269331458277,
      "transform_matrix": [
        [
          0.7454420941391825,
          -0.004482296210918651,
          0.6665553190121091,
          2.52730226521973
        ],
        [
          0.6659970848856182,
          0.046473336927274504,
          -0.7445052799535411,
          -2.9555179407939582
        ],
        [
          -0.02763995672577199,
          0.9989094743633139,
          0.03762837781076896,
          0.10938761155254867
        ],
        [
          0.0,
          0.0,
          0.0,
          1.0
        ]
      ]
    },
    {
      "file_path": "./images/0207.jpg",
      "sharpness": 799.3929989744654,
      "transform_matrix": [
        [
          0.7755093662635235,
          -0.0041242231607665665,
          0.6313225907712593,
          2.411200978154103
        ],
        [
          0.6307582168732497,
          0.04783557989604346,
          -0.7745036017623709,
          -3.0239910645692993
        ],
        [
          -0.027005456538530204,
          0.9988467089982328,
          0.03969832789690129,
          0.11058082126879898
        ],
        [
          0.0,
          0.0,
          0.0,
          1.0
        ]
      ]
    },
    {
      "file_path": "./images/0206.jpg",
      "sharpness": 636.1068440718482,
      "transform_matrix": [
        [
          0.7845216074854814,
          -0.0033711894223183774,
          0.6200923176975679,
          2.4008545818869678
        ],
        [
          0.6195268868556686,
          0.0472996327067513,
          -0.7835490930431404,
          -3.013514118199307
        ],
        [
          -0.02668864645703892,
          0.9988750571642862,
          0.03919612637238303,
          0.11182532823377805
        ],
        [
          0.0,
          0.0,
          0.0,
          1.0
        ]
      ]
    },
    {
      "file_path": "./images/0203.jpg",
      "sharpness": 784.9083155114416,
      "transform_matrix": [
        [
          0.8072512394189126,
          0.0014869540237617013,
          0.5902060872454867,
          2.25790048936438
        ],
        [
          0.5895018873914719,
          0.0468683383928652,
          -0.8064061530135929,
          -3.142525690631337
        ],
        [
          -0.02886106749256015,
          0.9988999688764105,
          0.036957962053673576,
          0.11541341481430994
        ],
        [
          0.0,
          0.0,
          0.0,
          1.0
        ]
      ]
    },
    {
      "file_path": "./images/0202.jpg",
      "sharpness": 768.7667455504615,
      "transform_matrix": [
        [
          0.8058962246977875,
          0.007500273430924925,
          0.5920093081308611,
          2.2355685642688603
        ],
        [
          0.5911182813551944,
          0.04608665422240907,
          -0.8052671592398782,
          -3.146081914461512
        ],
        [
          -0.03332345215951789,
          0.9989092882731223,
          0.03270751190660946,
          0.11697194143155817
        ],
        [
          0.0,
          0.0,
          0.0,
          1.0
        ]
      ]
    },
    {
      "file_path": "./images/0204.jpg",
      "sharpness": 801.2540216348294,
      "transform_matrix": [
        [
          0.8032909651115759,
          0.00031102388540581757,
          0.5955867095826787,
          2.310349781000485
        ],
        [
          0.5948554678045254,
          0.049121899136377455,
          -0.8023303630352603,
          -3.0785230188920245
        ],
        [
          -0.029505894181977587,
          0.9987927424078776,
          0.03927416350652266,
          0.11285234196132225
        ],
        [
          0.0,
          0.0,
          0.0,
          1.0
        ]
      ]
    },
    {
      "file_path": "./images/0205.jpg",
      "sharpness": 750.068815307419,
      "transform_matrix": [
        [
          0.793727783057729,
          -3.013125504854909e-05,
          0.6082731339551636,
          2.396025824068176
        ],
        [
          0.6074633568288811,
          0.05162196226298559,
          -0.792668558176937,
          -3.015853270650941
        ],
        [
          -0.03137636866812606,
          0.9986666972025744,
          0.040992089297426565,
          0.11321537083761465
        ],
        [
          0.0,
          0.0,
          0.0,
          1.0
        ]
      ]
    },
    {
      "file_path": "./images/0196.jpg",
      "sharpness": 115.71753923678311,
      "transform_matrix": [
        [
          0.8223576718415709,
          0.003200006270784826,
          0.568961878793689,
          2.1184170077860807
        ],
        [
          0.5686423169055275,
          0.029356379970645972,
          -0.8220608970017551,
          -3.3330886984342714
        ],
        [
          -0.01933326112805276,
          0.9995638863585224,
          0.02232178530642564,
          0.11873771149299849
        ],
        [
          0.0,
          0.0,
          0.0,
          1.0
        ]
      ]
    },
    {
      "file_path": "./images/0199.jpg",
      "sharpness": 661.5333141115057,
      "transform_matrix": [
        [
          0.7931419656866358,
          0.003149517968674459,
          0.6090286551555443,
          2.1384019229493205
        ],
        [
          0.6087150122548418,
          0.028402875400156766,
          -0.7928803885357417,
          -3.269040845746012
        ],
        [
          -0.019795356038210872,
          0.9995915952041787,
          0.020610353557134413,
          0.11625988667355189
        ],
        [
          0.0,
          0.0,
          0.0,
          1.0
        ]
      ]
    },
    {
      "file_path": "./images/0197.jpg",
      "sharpness": 536.3510430077193,
      "transform_matrix": [
        [
          0.8068638342655393,
          0.0029854766085923067,
          0.5907299212677471,
          2.131251273740107
        ],
        [
          0.5904891233127925,
          0.02491687516268197,
          -0.8066608609455493,
          -3.278499463373733
        ],
        [
          -0.017127410834509266,
          0.9996850685384938,
          0.018341633966398825,
          0.11702472565867578
        ],
        [
          0.0,
          0.0,
          0.0,
          1.0
        ]
      ]
    },
    {
      "file_path": "./images/0198.jpg",
      "sharpness": 790.416264686534,
      "transform_matrix": [
        [
          0.7959343329137949,
          0.0024422926668347168,
          0.6053780413038357,
          2.1473106478093955
        ],
        [
          0.6051360883159689,
          0.02534609250333071,
          -0.7957184742183996,
          -3.296543959810125
        ],
        [
          -0.017287345228820687,
          0.9996757528311909,
          0.01869590579767873,
          0.11623149618487477
        ],
        [
          0.0,
          0.0,
          0.0,
          1.0
        ]
      ]
    },
    {
      "file_path": "./images/0195.jpg",
      "sharpness": 212.01023378936563,
      "transform_matrix": [
        [
          0.8394383655287836,
          0.0038673120722196317,
          0.5434411415902982,
          2.022163016994168
        ],
        [
          0.5430801963039135,
          0.03115776711328305,
          -0.8391025526900836,
          -3.365687959384449
        ],
        [
          -0.020177483961295862,
          0.9995069971956764,
          0.0240547644997513,
          0.12222425253904451
        ],
        [
          0.0,
          0.0,
          0.0,
          1.0
        ]
      ]
    },
    {
      "file_path": "./images/0201.jpg",
      "sharpness": 785.1033487771816,
      "transform_matrix": [
        [
          0.802182500611987,
          0.0053904864661258505,
          0.5970545857497659,
          2.178043419243491
        ],
        [
          0.5964504575451692,
          0.038633092250928376,
          -0.8017196117579308,
          -3.221978466725278
        ],
        [
          -0.027387723606919358,
          0.9992389237995376,
          0.027775632429111484,
          0.11530703952952714
        ],
        [
          0.0,
          0.0,
          0.0,
          1.0
        ]
      ]
    },
    {
      "file_path": "./images/0200.jpg",
      "sharpness": 787.9947965448448,
      "transform_matrix": [
        [
          0.7964474262207529,
          0.0053916106219947186,
          0.6046837419664147,
          2.166846924694755
